AppSerialPortName=0
Volume=0.231459194303
Squelch=0.522293219922
AppBandFileName=Amateur.bands
